-85.9
-79.8
-73.8
-67.9
-62.1
-56.4
-50.9
-45.5
-40.2
-35.1
-30.0
-25.1
-20.3
-15.7
-11.1
-6.7
-2.4
1.7
5.8
9.7
13.5
17.1
20.7
24.1
27.4
30.5
33.6
36.5
39.3
42.0
44.5
46.9
49.2
51.4
53.5
55.4
57.2
58.9
60.4
61.9
63.2
64.3
65.4
66.3
67.1
67.8
68.4
68.8
69.1
69.3
69.4
69.3
69.1
68.8
68.4
67.8
67.1
66.3
65.4
64.3
63.2
61.9
60.4
58.9
57.2
55.4
53.5
51.4
49.2
46.9
44.5
42.0
39.3
36.5
33.6
30.5
27.4
24.1
20.7
17.1
13.5
9.7
5.8
1.7
-2.4
-6.7
-11.1
-15.7
-20.3
-25.1
-30.0
-35.1
-40.2
-45.5
-50.9
-56.4
-62.1
-67.9
-73.8
-79.8
-85.9