-53.6
-49.8
-46.0
-42.3
-38.7
-35.2
-31.8
-28.4
-25.1
-21.9
-18.7
-15.7
-12.7
-9.8
-7.0
-4.2
-1.5
1.1
3.6
6.0
8.4
10.7
12.9
15.0
17.1
19.1
20.9
22.8
24.5
26.2
27.8
29.3
30.7
32.1
33.3
34.6
35.7
36.7
37.7
38.6
39.4
40.1
40.8
41.4
41.9
42.3
42.6
42.9
43.1
43.2
43.3
43.2
43.1
42.9
42.6
42.3
41.9
41.4
40.8
40.1
39.4
38.6
37.7
36.7
35.7
34.6
33.3
32.1
30.7
29.3
27.8
26.2
24.5
22.8
20.9
19.1
17.1
15.0
12.9
10.7
8.4
6.0
3.6
1.1
-1.5
-4.2
-7.0
-9.8
-12.7
-15.7
-18.7
-21.9
-25.1
-28.4
-31.8
-35.2
-38.7
-42.3
-46.0
-49.8
-53.6