124.3
121.8
119.3
116.8
114.3
111.8
109.3
106.9
104.4
101.9
99.4
96.9
94.4
91.9
89.5
87.0
84.5
82.0
79.5
77.0
74.6
72.1
69.6
67.1
64.6
62.1
59.6
57.2
54.7
52.2
49.7
47.2
44.7
42.2
39.8
37.3
34.8
32.3
29.8
27.3
24.9
22.4
19.9
17.4
14.9
12.4
9.9
7.5
5.0
2.5
0.0
-2.5
-5.0
-7.5
-9.9
-12.4
-14.9
-17.4
-19.9
-22.4
-24.9
-27.3
-29.8
-32.3
-34.8
-37.3
-39.8
-42.2
-44.7
-47.2
-49.7
-52.2
-54.7
-57.2
-59.6
-62.1
-64.6
-67.1
-69.6
-72.1
-74.6
-77.0
-79.5
-82.0
-84.5
-87.0
-89.5
-91.9
-94.4
-96.9
-99.4
-101.9
-104.4
-106.9
-109.3
-111.8
-114.3
-116.8
-119.3
-121.8
-124.3